22.90
51.20
22.90
50.70
22.90
50.60
22.90
50.40
22.90
50.00
22.90
49.50
22.90
49.40
22.90
49.10
22.90
49.10
22.90
49.00
22.90
48.80
22.90
48.60
22.90
48.30
22.90
48.10
22.90
48.00
22.90
47.90
22.90
47.90
22.90
47.90
22.90
47.90
22.90
47.90
22.90
47.80
22.90
47.80
22.90
47.50
22.90
47.20
22.90
47.20
22.90
47.20
22.90
47.10
22.80
47.10
22.90
47.10
22.90
47.20
22.80
47.10
22.90
47.10
22.90
47.10
22.80
47.00
22.80
47.00
22.80
47.10
22.90
47.10
22.90
47.10
22.80
47.20
22.80
47.20
22.80
47.30
22.80
47.30
22.80
47.30
22.80
47.20
22.80
47.10
22.80
47.10
22.80
47.50
22.80
47.40
22.80
47.40
22.80
52.20
22.90
60.90
22.90
63.90
22.90
65.90
22.90
67.30
22.90
68.40
22.90
68.30
22.90
66.90
22.90
65.70
22.90
65.30
22.90
64.60
